-165.373 64.565 31.540
-142.092 60.490 43.500
-141.662 61.060 34.500
-139.637 59.953 40.000
-143.700 60.393 32.000
-144.605 60.968 36.700
-150.987 64.100 33.000
-150.906 59.751 44.000
-149.299 64.173 27.800
-152.084 63.419 33.000
-147.805 64.645 29.500
-152.315 63.883 30.200
-150.204 67.227 37.500
-143.093 60.752 41.000
-141.340 60.965 37.500
-150.262 62.406 32.700
-150.747 61.434 35.200
-142.487 60.082 42.200
-147.376 63.075 41.600
-145.775 61.129 44.000
-144.070 63.648 29.800
-156.879 64.746 33.800
-146.948 64.409 29.000
-142.341 60.602 37.200
-157.095 59.773 32.600
-145.923 61.492 42.800
-142.361 60.923 41.000
-148.458 61.413 38.600
-150.923 63.553 31.400
-141.005 60.824 40.400
-148.937 63.732 32.600
-148.232 64.960 29.000
-150.744 65.030 30.800
-149.069 64.593 29.100
-145.470 62.970 39.200
-140.253 60.096 32.000
-139.401 59.667 38.000
-145.525 65.517 33.800
-152.189 62.896 34.800
-148.333 60.858 37.000
-162.908 68.054 41.000
-144.846 63.740 30.800
-141.348 60.299 36.400
-148.860 63.406 37.400
-140.783 60.129 38.000
-148.332 61.807 38.000
-143.990 63.976 30.800
-145.208 60.534 36.000
-154.184 56.559 30.600
-151.532 61.980 38.000
-150.223 60.512 33.800
-142.839 60.179 38.000
-149.453 60.104 35.000
-141.144 60.440 42.800
-142.829 60.754 36.800
-167.927 65.560 30.200
-143.454 61.228 36.800
-148.848 62.833 32.500
-142.853 60.448 32.500
-148.092 64.472 26.500
-151.237 59.525 38.500
-145.234 66.566 37.400
-143.321 60.280 37.800
-144.598 61.606 40.200
-143.785 66.950 30.200
-141.655 66.809 28.400
-161.960 60.751 29.600
-143.812 61.442 41.400
-141.751 60.358 41.000
-156.617 71.322 28.500
-161.194 68.648 31.400
-159.587 69.105 39.800
-150.613 69.836 32.800
-148.701 69.720 31.400
-144.912 69.918 32.000
-143.711 69.626 38.600
-163.083 67.699 28.400
-158.115 68.495 40.400
-156.613 68.713 38.800
-150.681 68.966 44.600
-146.375 69.322 39.200
-140.965 69.243 38.600
-161.826 67.082 28.400
-160.603 67.421 27.800
-157.232 67.457 33.200
-156.189 68.257 44.600
-153.972 68.441 44.000
-151.813 68.134 42.200
-149.616 68.058 38.200
-148.487 68.075 45.200
-145.568 68.121 38.000
-141.595 68.186 30.200
-139.535 68.604 33.200
-137.897 68.389 35.600
-136.719 66.370 32.800
-166.329 65.474 30.200
-164.648 65.708 30.800
-161.250 66.442 28.400
-157.773 66.833 33.800
-155.725 67.049 32.000
-153.483 67.222 38.600
-152.179 67.508 42.800
-147.887 67.519 35.000
-145.643 67.593 32.600
-144.145 67.695 33.800
-139.872 67.614 29.600
-164.039 64.994 33.200
-162.355 65.394 30.200
-160.651 65.501 30.800
-158.654 65.895 32.000
-157.087 66.143 30.800
-153.506 66.516 35.000
-151.507 66.921 34.500
-150.024 66.711 31.400
-147.475 66.700 32.400
-136.222 66.981 38.400
-162.239 64.638 30.800
-159.913 64.937 35.000
-158.363 65.153 38.400
-156.449 65.528 31.400
-154.881 65.492 31.800
-152.805 65.657 30.200
-151.377 65.894 33.800
-149.543 65.825 31.200
-147.878 65.837 31.400
-141.527 66.230 31.400
-160.695 63.886 30.800
-151.982 65.180 28.400
-149.360 65.148 28.400
-143.154 65.306 27.800
-141.615 65.604 34.400
-139.936 65.448 36.800
-138.306 65.361 36.200
-136.377 65.223 37.000
-163.554 62.749 30.800
-160.602 63.284 33.800
-159.078 63.396 32.600
-156.715 63.465 33.800
-155.621 63.994 33.200
-154.147 64.177 32.600
-145.370 64.613 31.500
-143.564 64.501 34.400
-138.216 64.453 39.200
-164.656 61.933 30.800
-161.531 62.294 31.400
-158.301 62.716 31.400
-154.070 63.357 31.400
-142.076 64.029 30.200
-137.520 63.843 33.200
-162.683 61.342 33.200
-161.487 61.678 31.400
-159.475 61.710 33.800
-158.297 62.134 33.200
-156.689 62.220 33.200
-154.854 62.182 36.800
-153.880 62.479 32.000
-143.348 63.025 33.200
-141.827 63.062 30.200
-138.129 63.109 31.400
-166.201 60.385 35.600
-160.688 60.695 32.600
-158.959 61.022 31.400
-157.438 61.401 30.000
-155.824 61.491 33.000
-154.391 61.904 38.000
-153.132 61.882 38.600
-142.996 62.401 35.800
-141.878 62.358 32.600
-138.462 62.444 34.400
-136.794 62.576 30.800
-161.685 59.924 31.400
-158.769 60.474 35.000
-157.187 60.527 37.400
-155.890 60.680 32.600
-154.484 60.813 32.600
-152.209 61.200 38.000
-137.089 61.459 36.200
-135.780 61.486 34.400
-161.264 59.253 36.800
-159.825 59.177 35.600
-158.093 59.594 34.400
-155.208 59.854 33.800
-154.320 60.195 32.600
-149.724 60.481 35.600
-140.191 60.772 41.000
-136.091 60.770 37.400
-155.229 59.392 31.400
-153.232 59.652 39.800
-136.960 60.122 40.400
-147.434 65.117 32.000
-155.887 58.264 31.400
-155.009 58.648 30.800
-152.394 58.610 37.400
-136.232 57.962 30.800
-147.862 64.873 28.400
-149.572 68.641 38.000
-147.740 62.581 42.500
-138.217 64.452 39.200
