-176.5852 51.9905
-165.98555 54.13308
-155.4 58.1573
-163.14687 55.41728
179.82972 51.8475
-171.25476 52.49419
-176.632 51.9689
-158.15456 56.88149
-174.16527 52.38167
-153.435 59.3626
-156.14 58.04
-131.051 55.3196
-158.787 56.5512
-156.8467 57.7051
-177.4409 51.9072
-168.0344 53.9272
-141.7152 61.4187
175.909 52.3488
-148.422 64.0695
-144.1127 62.4238
-170.0576 52.8906
-171.1395 52.5714
-156.99147 57.13348
-169.945 52.8222
-154.54 58.58
-154.51 58.55
-161.21551 55.64205
178.326 51.9542
-154.451 58.4173
-154.3001 58.4753
-152.672 60.7194
-153.5351 58.8596
-144.6399 62.1159
-133.102 56.4996
-162.2744 55.1867
175.9475 52.3573
-135.7611 57.0509
-162.0726 55.3409
-164.333 66.3493
-164.3524 54.6692
-155.21 58.41
-153.6738 58.7703
-162.8354 55.0673
-178.796 51.7892
-165.6605 54.2522
-143.0883 62.1312
-176.1109 52.0765
-155.1037 58.3572
-152.42 61.5985
-170.113 52.741
-153.0918 60.0319
-163.92 65.6
-164.47 61.43
-165.227 61.525
-154.47 58.64
-163.72904 54.76799
-130.331 56.5196
-143.6201 62.0233
-148.685 63.9665
-169.719 52.9726
-154.0245 58.6113
-177.1623 51.9242
-175.5113 52.1693
-154.9533 58.279
-155.671 58.053
178.2756 51.9793
-156.7467 57.2019
177.6035 52.1031
-145.0853 62.0962
-154.56 58.59
-164.414 61.638
-175.1323 52.2189
-170.433 63.5991
-174.16527 52.38167
-160.5 65.65
-154.3573 58.4528
-159.7912 56.0126
178.5356 51.9531
-155.2544 58.1946
-166.925 53.8899
-155.3566 58.1692
-176.741 51.937
-164.66 60.45
-155.1591 58.2654
-166.496 60.099
-164.91 61.57
-168.166 53.397
-161.8937 55.4173
-161.8544 55.4569
-142.7 67.3
-141.6223 63.7196
-154.68 58.5
-168.5382 53.1536
-152.7438 60.4852
-163.5914 54.7992
-144.1295 62.2133
-172.51 52.316
178.134 52.0138
179.5977 51.9288
-174.9521 52.0533
-163.9711 54.7554
-143.132 62.3996
-154.6859 58.3336
-152.2539 61.2989
-169.63 56.58
-162.123 63.4493
-170.3 57.18
-154.3903 58.4301
-169.3793 53.1465
-169.7604 53.2978
-170.2279 53.1198
-171.4116 52.9405
-171.9246 52.8012
-171.8752 52.7649
-178.027 51.867
-169.758 52.839
-143.506 62.302
-178.143 51.884
-133.302 55.2496
-160.05 59.27
-161.94523 55.56377
-155.1026 58.2343
-156.37 57.7503
-156.512 57.831
-169.767 53.065
-164.25 61.17
-155.5139 57.8338
-159.3931 56.1979
-160.0956 55.8681
-160.041 55.9125
-160.002 55.9292
-159.958 55.952
-168.6937 53.1256
-164.6476 54.5171
-144.01935 62.00572
-157.1864 57.0179
-170.659 52.649
